197
111-1907-4981 0.0000000 0.0023567 0.0021405 0.0016021 0.0021404 0.0022485 0.0020335 0.0019248 0.0019248 0.0019251 0.0021415 0.0021406 0.0016021 0.0017096 0.0020328 0.0023573 0.0027897 0.0034414 0.0027925 0.0027923 0.0029009 0.0031185 0.0037736 0.0037734 0.0030097 0.0024659 0.0027934 0.0025762 0.0025762 0.0024668 0.0022495 0.0026825 0.0023575 0.0032261 0.0020344 0.0024655 0.0012800 0.0026813 0.0022495 0.0024650 0.0024649 0.0026816 0.0028984 0.0030071 0.0023568 0.0017103 0.0014953 0.0020326 0.0014946 0.0012800 0.0017105 0.0014946 0.0014947 0.0016021 0.0016028 0.0014946 0.0014947 0.0016021 0.0014946 0.0014947 0.0014947 0.0017095 0.0018172 0.0016021 0.0016021 0.0013873 0.0017096 0.0014946 0.0014946 0.0022496 0.0020327 0.0019257 0.0013873 0.0014946 0.0014946 0.0016021 0.0014945 0.0016019 0.0017097 0.0013872 0.0018170 0.0018170 0.0016020 0.0016020 0.0021406 0.0014946 0.0013873 0.0017095 0.0013872 0.0012800 0.0028989 0.0024650 0.0023567 0.0028996 0.0032272 0.0026837 0.0025741 0.0026822 0.0026825 0.0025740 0.0026823 0.0026824 0.0025738 0.0027910 0.0024656 0.0031164 0.0033342 0.0031178 0.0024658 0.0026824 0.0023563 0.0030064 0.0027892 0.0026808 0.0028979 0.0032239 0.0031153 0.0025727 0.0025738 0.0068843 0.0075523 0.0067655 0.0058684 0.0062022 0.0068825 0.0043170 0.0045367 0.0047570 0.0039884 0.0042118 0.0024658 0.0028979 0.0020326 0.0021406 0.0023566 0.0028993 0.0025732 0.0030097 0.0027896 0.0027900 0.0032259 0.0028999 0.0020329 0.0025735 0.0031155 0.0016022 0.0028984 0.0030072 0.0028984 0.0030071 0.0022485 0.0025730 0.0025741 0.0022486 0.0030105 0.0017105 0.0016027 0.0016021 0.0017095 0.0020334 0.0027910 0.0026828 0.0028996 0.0031171 0.0028997 0.0025743 0.0024659 0.0031170 0.0026826 0.0016019 0.0030061 0.0020325 0.0023564 0.0025728 0.0025729 0.0019248 0.0021404 0.0023584 0.0021415 0.0019250 0.0024649 0.0021405 0.0021405 0.0022484 0.0021408 0.0021405 0.0021404 0.0024656 0.0021405 0.0020323 0.0019248 0.0024651 0.0018170 0.0021403 0.0020324 0.0020328 0.0025742 
JQ703852      0.0023567 0.0000000 0.0006386 0.0018176 0.0023570 0.0024652 0.0022499 0.0021409 0.0023569 0.0021412 0.0023582 0.0012804 0.0018177 0.0019254 0.0022492 0.0025744 0.0030075 0.0036604 0.0034462 0.0034460 0.0035552 0.0037740 0.0044326 0.0044323 0.0036646 0.0031175 0.0034473 0.0032290 0.0032290 0.0033367 0.0029000 0.0033353 0.0030086 0.0038818 0.0029013 0.0031171 0.0017099 0.0031162 0.0026830 0.0028991 0.0028990 0.0033342 0.0035521 0.0036614 0.0030077 0.0021419 0.0019261 0.0024651 0.0019252 0.0017099 0.0021421 0.0019252 0.0019253 0.0020331 0.0020340 0.0019253 0.0019253 0.0020331 0.0019253 0.0019253 0.0019253 0.0021409 0.0022489 0.0020331 0.0020332 0.0018176 0.0021410 0.0019252 0.0019252 0.0026832 0.0024652 0.0023580 0.0018175 0.0019252 0.0019253 0.0020331 0.0019251 0.0020329 0.0021411 0.0018174 0.0022488 0.0022488 0.0020330 0.0020330 0.0025736 0.0019252 0.0018175 0.0021408 0.0018175 0.0017099 0.0037712 0.0031165 0.0027904 0.0033355 0.0036644 0.0031189 0.0030088 0.0031172 0.0031175 0.0030087 0.0031174 0.0031175 0.0030084 0.0032264 0.0028999 0.0037715 0.0039905 0.0035545 0.0029001 0.0031175 0.0027899 0.0034424 0.0032244 0.0031156 0.0033335 0.0038793 0.0037702 0.0030071 0.0030085 0.0075621 0.0082320 0.0074420 0.0065384 0.0068750 0.0073348 0.0047575 0.0049781 0.0051992 0.0044279 0.0046525 0.0031174 0.0035515 0.0028987 0.0030075 0.0030074 0.0035532 0.0032252 0.0036646 0.0034426 0.0034431 0.0038816 0.0037725 0.0024654 0.0030081 0.0037703 0.0022491 0.0035521 0.0036615 0.0035521 0.0036613 0.0031161 0.0032249 0.0032263 0.0028988 0.0036656 0.0023582 0.0022499 0.0022489 0.0021409 0.0024661 0.0032264 0.0031180 0.0033355 0.0035538 0.0033356 0.0030090 0.0029002 0.0035537 0.0031176 0.0020329 0.0034421 0.0022487 0.0025732 0.0027900 0.0027902 0.0023569 0.0025733 0.0030098 0.0025746 0.0023572 0.0028990 0.0025734 0.0025735 0.0026817 0.0025738 0.0021409 0.0025733 0.0028998 0.0025734 0.0024648 0.0023569 0.0031165 0.0026815 0.0027899 0.0026815 0.0026820 0.0030089 
EU095215      0.0021405 0.0006386 0.0000000 0.0016023 0.0021408 0.0022488 0.0020338 0.0019251 0.0021407 0.0019254 0.0021419 0.0012803 0.0016024 0.0017099 0.0020331 0.0023577 0.0027901 0.0034419 0.0032278 0.0032277 0.0033367 0.0035550 0.0042125 0.0042122 0.0034459 0.0028999 0.0032289 0.0030110 0.0030110 0.0031185 0.0026828 0.0031173 0.0027912 0.0036628 0.0026839 0.0028995 0.0014948 0.0028986 0.0024661 0.0026819 0.0026818 0.0031162 0.0033337 0.0034429 0.0027903 0.0019260 0.0017105 0.0022487 0.0017097 0.0014948 0.0019261 0.0017098 0.0017099 0.0018174 0.0018183 0.0017098 0.0017099 0.0018174 0.0017098 0.0017099 0.0017099 0.0019251 0.0020329 0.0018174 0.0018175 0.0016023 0.0019251 0.0017097 0.0017098 0.0024663 0.0022488 0.0021417 0.0016022 0.0017097 0.0017098 0.0018175 0.0017097 0.0018173 0.0019253 0.0016022 0.0020328 0.0020327 0.0018173 0.0018174 0.0023570 0.0017097 0.0016022 0.0019250 0.0016022 0.0014948 0.0035524 0.0028989 0.0025734 0.0031174 0.0034457 0.0029012 0.0027913 0.0028996 0.0028999 0.0027912 0.0028997 0.0028998 0.0027910 0.0030086 0.0026826 0.0035527 0.0037713 0.0033360 0.0026828 0.0028998 0.0025730 0.0032243 0.0030067 0.0028981 0.0031156 0.0036605 0.0035515 0.0027897 0.0027910 0.0073359 0.0080049 0.0072163 0.0063146 0.0066496 0.0071091 0.0045371 0.0047573 0.0049779 0.0042080 0.0044320 0.0028998 0.0033332 0.0026815 0.0027902 0.0027901 0.0033348 0.0030074 0.0034459 0.0032245 0.0030075 0.0034443 0.0035537 0.0022489 0.0027907 0.0035516 0.0020330 0.0033338 0.0034429 0.0033338 0.0034428 0.0028985 0.0030072 0.0030085 0.0026816 0.0034468 0.0021419 0.0020338 0.0020329 0.0019250 0.0022496 0.0030086 0.0029003 0.0031174 0.0033354 0.0031176 0.0027915 0.0026829 0.0033352 0.0029000 0.0018173 0.0032240 0.0020327 0.0023566 0.0025731 0.0025732 0.0021407 0.0023567 0.0027923 0.0023579 0.0021409 0.0026818 0.0023568 0.0023569 0.0024649 0.0023571 0.0019251 0.0023567 0.0026826 0.0023568 0.0022484 0.0021407 0.0028990 0.0024647 0.0025730 0.0024647 0.0024652 0.0027914 
DQ372871      0.0016021 0.0018176 0.0016023 0.0000000 0.0005319 0.0006386 0.0004255 0.0003189 0.0005319 0.0007454 0.0009595 0.0016025 0.0010661 0.0011732 0.0014951 0.0020337 0.0024651 0.0031154 0.0026843 0.0026842 0.0027927 0.0030102 0.0036648 0.0036646 0.0029015 0.0023580 0.0026852 0.0024682 0.0024682 0.0025756 0.0021418 0.0025745 0.0022498 0.0031177 0.0021427 0.0023577 0.0009590 0.0023570 0.0019261 0.0021412 0.0021410 0.0025736 0.0027903 0.0028990 0.0020332 0.0013882 0.0011736 0.0017098 0.0011730 0.0009590 0.0013883 0.0011731 0.0011731 0.0012803 0.0012809 0.0011731 0.0011731 0.0012803 0.0011731 0.0011731 0.0011731 0.0013875 0.0014949 0.0012803 0.0012803 0.0010660 0.0013876 0.0011731 0.0011731 0.0019262 0.0017099 0.0016030 0.0010660 0.0011731 0.0011731 0.0012803 0.0011730 0.0012802 0.0011732 0.0010659 0.0014948 0.0014948 0.0012802 0.0012802 0.0018176 0.0011731 0.0010660 0.0013874 0.0010660 0.0009590 0.0027909 0.0021412 0.0018176 0.0025746 0.0029013 0.0023591 0.0022499 0.0023578 0.0023580 0.0022498 0.0023579 0.0023580 0.0022497 0.0024663 0.0021417 0.0030082 0.0032259 0.0027922 0.0021419 0.0023580 0.0020328 0.0026814 0.0024647 0.0023566 0.0025731 0.0031157 0.0030072 0.0022487 0.0022497 0.0067732 0.0074408 0.0066546 0.0057582 0.0060918 0.0065475 0.0042079 0.0044276 0.0046477 0.0038796 0.0041028 0.0023579 0.0027898 0.0021409 0.0022490 0.0022489 0.0027912 0.0024653 0.0029015 0.0026816 0.0026820 0.0031175 0.0030090 0.0019254 0.0022494 0.0030073 0.0014950 0.0027903 0.0028990 0.0027903 0.0028989 0.0023569 0.0024651 0.0024662 0.0019253 0.0026851 0.0016031 0.0014955 0.0014949 0.0013875 0.0017105 0.0024663 0.0023584 0.0025746 0.0027917 0.0025748 0.0022501 0.0021420 0.0027916 0.0023581 0.0012802 0.0026812 0.0017097 0.0020329 0.0022487 0.0022489 0.0016023 0.0018174 0.0022507 0.0018183 0.0016024 0.0021411 0.0018175 0.0018175 0.0019251 0.0018177 0.0016023 0.0018174 0.0021417 0.0018174 0.0017096 0.0016023 0.0023573 0.0019250 0.0020328 0.0019250 0.0019254 0.0022500 
JX900769      0.0021404 0.0023570 0.0021408 0.0005319 0.0000000 0.0005319 0.0007456 0.0006385 0.0010659 0.0012804 0.0014956 0.0021409 0.0016023 0.0017098 0.0020331 0.0025741 0.0030071 0.0036600 0.0032278 0.0032276 0.0033366 0.0035550 0.0042124 0.0042121 0.0034458 0.0028998 0.0032288 0.0030109 0.0030109 0.0031185 0.0026827 0.0031172 0.0027911 0.0036627 0.0026838 0.0028994 0.0014948 0.0028985 0.0024661 0.0026819 0.0026817 0.0031161 0.0033337 0.0034428 0.0025734 0.0019260 0.0017105 0.0022487 0.0017097 0.0014947 0.0019261 0.0017097 0.0017098 0.0018174 0.0018182 0.0017098 0.0017098 0.0018174 0.0017098 0.0017098 0.0017098 0.0019250 0.0020329 0.0018174 0.0018175 0.0016022 0.0019251 0.0017097 0.0017097 0.0024662 0.0022488 0.0021417 0.0016022 0.0017097 0.0017097 0.0018174 0.0017096 0.0018172 0.0017099 0.0016021 0.0020327 0.0020327 0.0018173 0.0018173 0.0023569 0.0017097 0.0016022 0.0019249 0.0016022 0.0014948 0.0033343 0.0026819 0.0023570 0.0031173 0.0034456 0.0029011 0.0027913 0.0028995 0.0028998 0.0027911 0.0028997 0.0028998 0.0027909 0.0030085 0.0026826 0.0035526 0.0037713 0.0033360 0.0026828 0.0028997 0.0025729 0.0032242 0.0030066 0.0028980 0.0031155 0.0036604 0.0035514 0.0027897 0.0027910 0.0073358 0.0080047 0.0072161 0.0063144 0.0066494 0.0071090 0.0047571 0.0049777 0.0051987 0.0044275 0.0046521 0.0028997 0.0033331 0.0026815 0.0027901 0.0027900 0.0033347 0.0030073 0.0034458 0.0032244 0.0032249 0.0036625 0.0035536 0.0024652 0.0027906 0.0035515 0.0020330 0.0033337 0.0034428 0.0033337 0.0034427 0.0028985 0.0030071 0.0030084 0.0024650 0.0032287 0.0021418 0.0020337 0.0020329 0.0019250 0.0022495 0.0030085 0.0029002 0.0031173 0.0033353 0.0031175 0.0027915 0.0026829 0.0033352 0.0028999 0.0018172 0.0032239 0.0022485 0.0025730 0.0027898 0.0027900 0.0021407 0.0023567 0.0027922 0.0023578 0.0021409 0.0026817 0.0023568 0.0023568 0.0024648 0.0023571 0.0021407 0.0023567 0.0026825 0.0023567 0.0022484 0.0021407 0.0028989 0.0024647 0.0025729 0.0024646 0.0024652 0.0027913 
KJ154487      0.0022485 0.0024652 0.0022488 0.0006386 0.0005319 0.0000000 0.0006388 0.0005319 0.0011730 0.0013877 0.0016031 0.0022490 0.0017099 0.0018175 0.0021411 0.0026825 0.0031159 0.0037693 0.0033369 0.0033367 0.0034458 0.0036644 0.0043224 0.0043221 0.0035551 0.0030086 0.0033380 0.0031199 0.0031199 0.0032274 0.0027913 0.0032262 0.0028998 0.0037721 0.0027925 0.0030082 0.0016022 0.0030072 0.0025744 0.0025737 0.0027903 0.0032250 0.0034428 0.0035520 0.0026818 0.0020339 0.0018182 0.0023568 0.0018173 0.0016022 0.0020340 0.0018174 0.0018175 0.0019251 0.0019260 0.0018175 0.0018175 0.0019251 0.0018175 0.0018175 0.0018175 0.0020329 0.0021408 0.0019252 0.0019252 0.0017098 0.0020330 0.0018174 0.0018174 0.0025746 0.0023569 0.0022498 0.0017098 0.0018174 0.0018174 0.0019252 0.0018173 0.0019250 0.0018175 0.0017097 0.0021407 0.0021406 0.0019250 0.0019251 0.0024652 0.0018174 0.0017098 0.0020328 0.0017098 0.0016023 0.0034434 0.0027905 0.0024652 0.0032263 0.0035549 0.0030099 0.0028999 0.0030083 0.0030086 0.0028998 0.0030084 0.0030085 0.0028996 0.0031174 0.0027911 0.0036619 0.0038808 0.0034451 0.0027913 0.0030085 0.0026813 0.0033332 0.0031154 0.0030067 0.0032244 0.0037697 0.0036607 0.0028983 0.0028996 0.0074488 0.0081181 0.0073289 0.0064263 0.0067615 0.0072217 0.0048675 0.0050882 0.0053094 0.0045375 0.0047625 0.0030085 0.0034422 0.0027900 0.0028987 0.0028986 0.0034438 0.0031162 0.0035551 0.0033334 0.0033339 0.0037719 0.0036629 0.0025735 0.0028993 0.0036607 0.0021409 0.0034428 0.0035520 0.0034428 0.0035519 0.0030072 0.0031159 0.0031173 0.0025734 0.0033378 0.0022499 0.0021417 0.0021408 0.0020329 0.0023577 0.0031173 0.0030090 0.0032263 0.0034444 0.0032265 0.0029001 0.0027915 0.0034443 0.0030087 0.0019250 0.0033329 0.0023567 0.0026814 0.0028984 0.0028986 0.0022487 0.0024649 0.0029009 0.0024661 0.0022489 0.0027903 0.0024650 0.0024650 0.0025732 0.0024653 0.0022488 0.0024649 0.0027911 0.0024650 0.0023565 0.0022487 0.0030076 0.0025730 0.0026813 0.0025729 0.0025735 0.0029000 
MF055755      0.0020335 0.0022499 0.0020338 0.0004255 0.0007456 0.0006388 0.0000000 0.0003190 0.0009594 0.0011737 0.0013888 0.0020340 0.0014956 0.0016030 0.0019262 0.0024669 0.0028999 0.0035525 0.0031203 0.0031202 0.0032291 0.0034474 0.0041046 0.0041043 0.0033382 0.0027925 0.0031213 0.0029035 0.0029035 0.0030110 0.0025755 0.0030098 0.0026839 0.0035551 0.0025766 0.0027922 0.0013880 0.0027913 0.0023589 0.0025747 0.0025746 0.0030088 0.0032263 0.0033353 0.0024663 0.0018190 0.0016037 0.0021417 0.0016029 0.0013880 0.0018191 0.0016029 0.0016030 0.0017105 0.0017113 0.0016030 0.0016030 0.0017105 0.0016030 0.0016030 0.0016030 0.0018182 0.0019259 0.0017106 0.0017106 0.0014955 0.0018182 0.0016029 0.0016029 0.0023591 0.0021417 0.0020347 0.0014954 0.0016029 0.0016029 0.0017106 0.0016028 0.0017104 0.0016031 0.0014954 0.0019258 0.0019258 0.0017104 0.0017105 0.0022499 0.0016029 0.0014954 0.0018181 0.0014954 0.0013881 0.0032269 0.0025748 0.0022499 0.0030100 0.0033381 0.0027938 0.0026840 0.0027922 0.0027925 0.0026839 0.0027924 0.0027925 0.0026837 0.0029012 0.0025754 0.0034451 0.0036637 0.0032285 0.0025756 0.0027925 0.0024658 0.0031169 0.0028994 0.0027908 0.0030082 0.0035529 0.0034439 0.0026825 0.0026837 0.0072266 0.0078954 0.0071071 0.0062059 0.0065407 0.0069989 0.0046492 0.0048697 0.0050906 0.0043197 0.0045441 0.0027924 0.0032257 0.0025743 0.0026829 0.0026828 0.0032273 0.0029001 0.0033382 0.0031171 0.0031175 0.0035549 0.0034460 0.0023581 0.0026834 0.0034440 0.0019260 0.0032263 0.0033354 0.0032263 0.0033353 0.0027912 0.0028998 0.0029011 0.0023579 0.0031212 0.0020348 0.0019268 0.0019259 0.0018181 0.0021425 0.0029012 0.0027929 0.0030100 0.0032278 0.0030101 0.0026842 0.0025757 0.0032277 0.0027926 0.0017104 0.0031166 0.0021415 0.0024659 0.0026826 0.0026828 0.0020337 0.0022496 0.0026849 0.0022507 0.0020339 0.0025746 0.0022497 0.0022498 0.0023578 0.0022500 0.0020338 0.0022497 0.0025753 0.0022497 0.0021414 0.0020337 0.0027916 0.0023576 0.0024658 0.0023576 0.0023581 0.0026841 
JX900738      0.0019248 0.0021409 0.0019251 0.0003189 0.0006385 0.0005319 0.0003190 0.0000000 0.0008520 0.0010661 0.0012808 0.0019252 0.0013875 0.0014949 0.0018176 0.0023576 0.0027900 0.0034418 0.0030100 0.0030099 0.0031187 0.0033367 0.0039930 0.0039927 0.0032277 0.0026828 0.0030110 0.0027935 0.0027935 0.0029009 0.0024660 0.0028998 0.0025742 0.0034443 0.0024671 0.0026824 0.0012802 0.0026816 0.0022497 0.0024653 0.0024651 0.0028988 0.0031160 0.0032249 0.0023570 0.0017105 0.0014954 0.0020328 0.0014947 0.0012801 0.0017106 0.0014948 0.0014948 0.0016022 0.0016030 0.0014948 0.0014948 0.0016022 0.0014948 0.0014948 0.0014948 0.0017097 0.0018174 0.0016022 0.0016023 0.0013874 0.0017098 0.0014947 0.0014948 0.0022499 0.0020329 0.0019259 0.0013874 0.0014947 0.0014948 0.0016023 0.0014947 0.0016021 0.0014949 0.0013874 0.0018172 0.0018172 0.0016021 0.0016022 0.0021409 0.0014947 0.0013874 0.0017096 0.0013874 0.0012802 0.0031166 0.0024653 0.0021409 0.0028999 0.0032275 0.0026839 0.0025744 0.0026825 0.0026827 0.0025743 0.0026826 0.0026827 0.0025741 0.0027913 0.0024659 0.0033345 0.0035527 0.0031181 0.0024661 0.0026827 0.0023565 0.0030067 0.0027895 0.0026811 0.0028982 0.0034421 0.0033334 0.0025729 0.0025741 0.0071106 0.0077786 0.0069914 0.0060915 0.0064259 0.0068833 0.0045370 0.0047572 0.0049779 0.0042079 0.0044320 0.0026827 0.0031154 0.0024649 0.0025733 0.0025732 0.0031169 0.0027902 0.0032277 0.0030069 0.0030074 0.0034441 0.0033354 0.0022489 0.0025738 0.0033334 0.0018174 0.0031160 0.0032249 0.0031160 0.0032248 0.0026815 0.0027900 0.0027912 0.0022488 0.0030109 0.0019260 0.0018181 0.0018173 0.0017097 0.0020336 0.0027912 0.0026831 0.0028999 0.0031175 0.0029001 0.0025746 0.0024662 0.0031174 0.0026828 0.0016021 0.0030065 0.0020327 0.0023566 0.0025730 0.0025732 0.0019250 0.0021406 0.0025753 0.0021417 0.0019252 0.0024651 0.0021407 0.0021407 0.0022486 0.0021410 0.0019251 0.0021407 0.0024658 0.0021407 0.0020325 0.0019250 0.0026819 0.0022485 0.0023565 0.0022484 0.0022489 0.0025745 
HQ873543      0.0019248 0.0023569 0.0021407 0.0005319 0.0010659 0.0011730 0.0009594 0.0008520 0.0000000 0.0012803 0.0014955 0.0021409 0.0016023 0.0017098 0.0020330 0.0025740 0.0030071 0.0036599 0.0030100 0.0030099 0.0031187 0.0033367 0.0039930 0.0039927 0.0032277 0.0026828 0.0030110 0.0027935 0.0027935 0.0029009 0.0024660 0.0028998 0.0025742 0.0034443 0.0024671 0.0026824 0.0014947 0.0028985 0.0024660 0.0026818 0.0026817 0.0028988 0.0031160 0.0032249 0.0023570 0.0019259 0.0017105 0.0022486 0.0017096 0.0014947 0.0019260 0.0017097 0.0017098 0.0018173 0.0018182 0.0017097 0.0017098 0.0018173 0.0017097 0.0017098 0.0017098 0.0019250 0.0020328 0.0018174 0.0018174 0.0016022 0.0019251 0.0017097 0.0017097 0.0024662 0.0022487 0.0021416 0.0016022 0.0017097 0.0017097 0.0018174 0.0017096 0.0018172 0.0017098 0.0016021 0.0020327 0.0020326 0.0018172 0.0018173 0.0023569 0.0017097 0.0016022 0.0019249 0.0016021 0.0014947 0.0031166 0.0024653 0.0023569 0.0031173 0.0034455 0.0029010 0.0027912 0.0028995 0.0028997 0.0027911 0.0028996 0.0028997 0.0027909 0.0030084 0.0026825 0.0035525 0.0037712 0.0033359 0.0026827 0.0028997 0.0025728 0.0032241 0.0030066 0.0028980 0.0031154 0.0036603 0.0035513 0.0027896 0.0027909 0.0071106 0.0077786 0.0069914 0.0060915 0.0064259 0.0071088 0.0045370 0.0047572 0.0049779 0.0042079 0.0044320 0.0026827 0.0031154 0.0024649 0.0025733 0.0025732 0.0031169 0.0027902 0.0032277 0.0030069 0.0030074 0.0034441 0.0033354 0.0022489 0.0027906 0.0033334 0.0018174 0.0031160 0.0032249 0.0031160 0.0032248 0.0026815 0.0027900 0.0027912 0.0022488 0.0030109 0.0019260 0.0018181 0.0018173 0.0019250 0.0022495 0.0030084 0.0029002 0.0031173 0.0033352 0.0031174 0.0027914 0.0026828 0.0033351 0.0028999 0.0018172 0.0032238 0.0022485 0.0025729 0.0027897 0.0027899 0.0021406 0.0023566 0.0027922 0.0023578 0.0021408 0.0026817 0.0023567 0.0023567 0.0024648 0.0023570 0.0021407 0.0023566 0.0026824 0.0023567 0.0022483 0.0021406 0.0026819 0.0022485 0.0023565 0.0022484 0.0024651 0.0027913 
AP008595      0.0019251 0.0021412 0.0019254 0.0007454 0.0012804 0.0013877 0.0011737 0.0010661 0.0012803 0.0000000 0.0012810 0.0019255 0.0013877 0.0014951 0.0018178 0.0023579 0.0027904 0.0034423 0.0030105 0.0030104 0.0031191 0.0033372 0.0039936 0.0039933 0.0032282 0.0026831 0.0027940 0.0027939 0.0027939 0.0029014 0.0024664 0.0029002 0.0025746 0.0034448 0.0024674 0.0026828 0.0012803 0.0026820 0.0022501 0.0024656 0.0024655 0.0028992 0.0031164 0.0032254 0.0025738 0.0017108 0.0014957 0.0020331 0.0014949 0.0012803 0.0017109 0.0014950 0.0014951 0.0016025 0.0016032 0.0014950 0.0014951 0.0016025 0.0014950 0.0014951 0.0014951 0.0017100 0.0018176 0.0016025 0.0016025 0.0013876 0.0017100 0.0014950 0.0014950 0.0022502 0.0020332 0.0019262 0.0013876 0.0014949 0.0012804 0.0016025 0.0014949 0.0016023 0.0014951 0.0013876 0.0018175 0.0018175 0.0016024 0.0016024 0.0021412 0.0014949 0.0013876 0.0017099 0.0013876 0.0012804 0.0028996 0.0022493 0.0019255 0.0029003 0.0032280 0.0026843 0.0025748 0.0026829 0.0026831 0.0025746 0.0026830 0.0026831 0.0025744 0.0027917 0.0024663 0.0033350 0.0035533 0.0031186 0.0024664 0.0026831 0.0023569 0.0030072 0.0027899 0.0026815 0.0028986 0.0034427 0.0033338 0.0025733 0.0025745 0.0066617 0.0073288 0.0065433 0.0060924 0.0064268 0.0068843 0.0045377 0.0047579 0.0049786 0.0042086 0.0044326 0.0026831 0.0031159 0.0024653 0.0025737 0.0025736 0.0031174 0.0027906 0.0032282 0.0030073 0.0030078 0.0034446 0.0033359 0.0022492 0.0025742 0.0033339 0.0018177 0.0031165 0.0032254 0.0031165 0.0032253 0.0026819 0.0027904 0.0027916 0.0022491 0.0027938 0.0019263 0.0018184 0.0018176 0.0017099 0.0020339 0.0027917 0.0026835 0.0029003 0.0031179 0.0029005 0.0025749 0.0024665 0.0031178 0.0026832 0.0016023 0.0030069 0.0020330 0.0023570 0.0025734 0.0025736 0.0019253 0.0021409 0.0025757 0.0021420 0.0019255 0.0024655 0.0021410 0.0021411 0.0022489 0.0021413 0.0019253 0.0021410 0.0024662 0.0021410 0.0020328 0.0019253 0.0024656 0.0022488 0.0023569 0.0022488 0.0022492 0.0025748 
AY519492      0.0021415 0.0023582 0.0021419 0.0009595 0.0014956 0.0016031 0.0013888 0.0012808 0.0014955 0.0012810 0.0000000 0.0021420 0.0013882 0.0014956 0.0018185 0.0021425 0.0025745 0.0032256 0.0030116 0.0030115 0.0031203 0.0033384 0.0039950 0.0039948 0.0032293 0.0029013 0.0032305 0.0030125 0.0030125 0.0031201 0.0026841 0.0031188 0.0027925 0.0036646 0.0026852 0.0029009 0.0014955 0.0029000 0.0024673 0.0026833 0.0024664 0.0029003 0.0031176 0.0032265 0.0025747 0.0019269 0.0017114 0.0022498 0.0017105 0.0014955 0.0019271 0.0017106 0.0017107 0.0018183 0.0018192 0.0017107 0.0017107 0.0018183 0.0017107 0.0017107 0.0017107 0.0019260 0.0020339 0.0018183 0.0018184 0.0016031 0.0019261 0.0017106 0.0017106 0.0024675 0.0022499 0.0021428 0.0016030 0.0017106 0.0017106 0.0018183 0.0017105 0.0018182 0.0017107 0.0016030 0.0018182 0.0020337 0.0018182 0.0018183 0.0023581 0.0017106 0.0016030 0.0019259 0.0016030 0.0014955 0.0033361 0.0026833 0.0023582 0.0031190 0.0032292 0.0026853 0.0027927 0.0029010 0.0029013 0.0027926 0.0029011 0.0029013 0.0027924 0.0030101 0.0026840 0.0035545 0.0037732 0.0033377 0.0026842 0.0029012 0.0025742 0.0032259 0.0030082 0.0028995 0.0031171 0.0036623 0.0035533 0.0025742 0.0027924 0.0073397 0.0080090 0.0072200 0.0060947 0.0064293 0.0071128 0.0047596 0.0049803 0.0052015 0.0044298 0.0044343 0.0029012 0.0031170 0.0026829 0.0027915 0.0027914 0.0033364 0.0030089 0.0032293 0.0032261 0.0032266 0.0036644 0.0035554 0.0024664 0.0025751 0.0035533 0.0020340 0.0033354 0.0034446 0.0033354 0.0034445 0.0029000 0.0030086 0.0030100 0.0024663 0.0032303 0.0021429 0.0020348 0.0020339 0.0019260 0.0022507 0.0027927 0.0026845 0.0029014 0.0031191 0.0029015 0.0025759 0.0024674 0.0033369 0.0029014 0.0018182 0.0032256 0.0022497 0.0025743 0.0027912 0.0027914 0.0021418 0.0023579 0.0027937 0.0023590 0.0021420 0.0026831 0.0023580 0.0023580 0.0024661 0.0023583 0.0021418 0.0023579 0.0026839 0.0023580 0.0022495 0.0021418 0.0026833 0.0024659 0.0025742 0.0024659 0.0022500 0.0027928 
HG01866       0.0021406 0.0012804 0.0012803 0.0016025 0.0021409 0.0022490 0.0020340 0.0019252 0.0021409 0.0019255 0.0021420 0.0000000 0.0016025 0.0017100 0.0020333 0.0025743 0.0030074 0.0036603 0.0030103 0.0030102 0.0031190 0.0033370 0.0039933 0.0039931 0.0032280 0.0029001 0.0032292 0.0030112 0.0030112 0.0031188 0.0026830 0.0031175 0.0027914 0.0036630 0.0026841 0.0028997 0.0014949 0.0028988 0.0024663 0.0026821 0.0026820 0.0028990 0.0031162 0.0034431 0.0027905 0.0019261 0.0017107 0.0022489 0.0017098 0.0014949 0.0019263 0.0017099 0.0014950 0.0018176 0.0018184 0.0017099 0.0017100 0.0018176 0.0017099 0.0017100 0.0017100 0.0019252 0.0020331 0.0018176 0.0018176 0.0016024 0.0019253 0.0017099 0.0017099 0.0024665 0.0022490 0.0021419 0.0016024 0.0017099 0.0017099 0.0018176 0.0017098 0.0018174 0.0019254 0.0016023 0.0020329 0.0020329 0.0018175 0.0018175 0.0023571 0.0017099 0.0016024 0.0019251 0.0016023 0.0014949 0.0035527 0.0028991 0.0025736 0.0031177 0.0034460 0.0029014 0.0027916 0.0028998 0.0029001 0.0027914 0.0028999 0.0029000 0.0027912 0.0030088 0.0026828 0.0035530 0.0037716 0.0033363 0.0026830 0.0029000 0.0025732 0.0032245 0.0027898 0.0028983 0.0031158 0.0036607 0.0035518 0.0027900 0.0027912 0.0068855 0.0075535 0.0067666 0.0060920 0.0064265 0.0068839 0.0040983 0.0043177 0.0045376 0.0037703 0.0042125 0.0029000 0.0031157 0.0026817 0.0027904 0.0027903 0.0033350 0.0030076 0.0034461 0.0032247 0.0032252 0.0036629 0.0035539 0.0022491 0.0027909 0.0035518 0.0020332 0.0033340 0.0034432 0.0033340 0.0034431 0.0028987 0.0030074 0.0030087 0.0026818 0.0034471 0.0021420 0.0020339 0.0020330 0.0019252 0.0022498 0.0030088 0.0029005 0.0031177 0.0033356 0.0031178 0.0027917 0.0026831 0.0033355 0.0029002 0.0018174 0.0032242 0.0020329 0.0023568 0.0025733 0.0025734 0.0021409 0.0023569 0.0027925 0.0023581 0.0021411 0.0026820 0.0023570 0.0023570 0.0024651 0.0023573 0.0019252 0.0023569 0.0026828 0.0023570 0.0022486 0.0021409 0.0028992 0.0024649 0.0025732 0.0024649 0.0024654 0.0027916 
KC521454      0.0016021 0.0018177 0.0016024 0.0010661 0.0016023 0.0017099 0.0014956 0.0013875 0.0016023 0.0013877 0.0013882 0.0016025 0.0000000 0.0001054 0.0006386 0.0018181 0.0022489 0.0028982 0.0026844 0.0026843 0.0027928 0.0030103 0.0036649 0.0036647 0.0029016 0.0023581 0.0026853 0.0024683 0.0024683 0.0025756 0.0021419 0.0025746 0.0022499 0.0029003 0.0021428 0.0023578 0.0007453 0.0021410 0.0017107 0.0019255 0.0017100 0.0023572 0.0025736 0.0026820 0.0020332 0.0013882 0.0011736 0.0017099 0.0011731 0.0009590 0.0013883 0.0011731 0.0011732 0.0012803 0.0012809 0.0011731 0.0011732 0.0012803 0.0011731 0.0011732 0.0011732 0.0013875 0.0014949 0.0012803 0.0012804 0.0010660 0.0013876 0.0011731 0.0011731 0.0019262 0.0017099 0.0016031 0.0010660 0.0011731 0.0011731 0.0012803 0.0011730 0.0012802 0.0013877 0.0010660 0.0012802 0.0014948 0.0012802 0.0012803 0.0018176 0.0011731 0.0010660 0.0013875 0.0010660 0.0009590 0.0030081 0.0023573 0.0020332 0.0025747 0.0026842 0.0021428 0.0022500 0.0023579 0.0023581 0.0022499 0.0023580 0.0023580 0.0022497 0.0024663 0.0021418 0.0030083 0.0032260 0.0027923 0.0021419 0.0023580 0.0020328 0.0026815 0.0024648 0.0023567 0.0025732 0.0031158 0.0030073 0.0020328 0.0022497 0.0067734 0.0074410 0.0066548 0.0055363 0.0058693 0.0065477 0.0042081 0.0044277 0.0046478 0.0038797 0.0038836 0.0023580 0.0025731 0.0021409 0.0022490 0.0022490 0.0027912 0.0024654 0.0026843 0.0026816 0.0026821 0.0031176 0.0030091 0.0019254 0.0020335 0.0030073 0.0014950 0.0027904 0.0028991 0.0027904 0.0028990 0.0023570 0.0024652 0.0024663 0.0021410 0.0029023 0.0016032 0.0014956 0.0014949 0.0013875 0.0017105 0.0022499 0.0021422 0.0023581 0.0025748 0.0023583 0.0020341 0.0019262 0.0027916 0.0023582 0.0012802 0.0026812 0.0017098 0.0020329 0.0022488 0.0022490 0.0016023 0.0018174 0.0022508 0.0018183 0.0016025 0.0021411 0.0018175 0.0018175 0.0019252 0.0018178 0.0016024 0.0018175 0.0021417 0.0018175 0.0017096 0.0016023 0.0021412 0.0019250 0.0020328 0.0019250 0.0017100 0.0022500 
AP008482      0.0017096 0.0019254 0.0017099 0.0011732 0.0017098 0.0018175 0.0016030 0.0014949 0.0017098 0.0014951 0.0014956 0.0017100 0.0001054 0.0000000 0.0007454 0.0019258 0.0023570 0.0030067 0.0027929 0.0027928 0.0029014 0.0031190 0.0037743 0.0037740 0.0030102 0.0024663 0.0027938 0.0025767 0.0025767 0.0026840 0.0022499 0.0026829 0.0023579 0.0030089 0.0022508 0.0024659 0.0008521 0.0022489 0.0018183 0.0020333 0.0018176 0.0024654 0.0026819 0.0027904 0.0021411 0.0014956 0.0012808 0.0018175 0.0012802 0.0010660 0.0014957 0.0012803 0.0012803 0.0013875 0.0013882 0.0012803 0.0012803 0.0013875 0.0012803 0.0012803 0.0012803 0.0014949 0.0016023 0.0013876 0.0013876 0.0011731 0.0014949 0.0012802 0.0012803 0.0020341 0.0018175 0.0017106 0.0011731 0.0012802 0.0012803 0.0013876 0.0012802 0.0013875 0.0014950 0.0011730 0.0013874 0.0016022 0.0013875 0.0013875 0.0019253 0.0012802 0.0011731 0.0014948 0.0011731 0.0010660 0.0031168 0.0024654 0.0021410 0.0026831 0.0027927 0.0022509 0.0023581 0.0024660 0.0024662 0.0023580 0.0024661 0.0024662 0.0023578 0.0025746 0.0022498 0.0031170 0.0033349 0.0029009 0.0022499 0.0024662 0.0021407 0.0027898 0.0025730 0.0024648 0.0026815 0.0032246 0.0031159 0.0021407 0.0023578 0.0068855 0.0075535 0.0067666 0.0056471 0.0059804 0.0066596 0.0043177 0.0045375 0.0047578 0.0039891 0.0039931 0.0024662 0.0026814 0.0022489 0.0023571 0.0023570 0.0028998 0.0025736 0.0027928 0.0027900 0.0027905 0.0032264 0.0031178 0.0020332 0.0021414 0.0031160 0.0016024 0.0028989 0.0030077 0.0028989 0.0030076 0.0024651 0.0025734 0.0025745 0.0022489 0.0030110 0.0017107 0.0016030 0.0016023 0.0014948 0.0018182 0.0023580 0.0022502 0.0024663 0.0026831 0.0024664 0.0021420 0.0020340 0.0029002 0.0024663 0.0013874 0.0027896 0.0018173 0.0021408 0.0023568 0.0023570 0.0017098 0.0019251 0.0023589 0.0019261 0.0017100 0.0022491 0.0019252 0.0019252 0.0020329 0.0019254 0.0017099 0.0019251 0.0022497 0.0019252 0.0018172 0.0017098 0.0022492 0.0020328 0.0021407 0.0020328 0.0018176 0.0023581 
KC994085      0.0020328 0.0022492 0.0020331 0.0014951 0.0020331 0.0021411 0.0019262 0.0018176 0.0020330 0.0018178 0.0018185 0.0020333 0.0006386 0.0007454 0.0000000 0.0020338 0.0022490 0.0031156 0.0029017 0.0029016 0.0030102 0.0032281 0.0038839 0.0038837 0.0031192 0.0025747 0.0029026 0.0026853 0.0026853 0.0027927 0.0023581 0.0025746 0.0024662 0.0031178 0.0021429 0.0025743 0.0013876 0.0027904 0.0023582 0.0025739 0.0023572 0.0025737 0.0027904 0.0028991 0.0020333 0.0018184 0.0016031 0.0021410 0.0016024 0.0013876 0.0018186 0.0016024 0.0016025 0.0017100 0.0017108 0.0016025 0.0016025 0.0017100 0.0016025 0.0016025 0.0016025 0.0018176 0.0019253 0.0017100 0.0017101 0.0014950 0.0018176 0.0016024 0.0016024 0.0023583 0.0021410 0.0020340 0.0014950 0.0016024 0.0016024 0.0017100 0.0016023 0.0017099 0.0018177 0.0014949 0.0017098 0.0019252 0.0017099 0.0017099 0.0022491 0.0016024 0.0014950 0.0018175 0.0014949 0.0013876 0.0034437 0.0027907 0.0024654 0.0027917 0.0029014 0.0025758 0.0026831 0.0027913 0.0027916 0.0026830 0.0027914 0.0027916 0.0026828 0.0029002 0.0025745 0.0034440 0.0036624 0.0032274 0.0025747 0.0027915 0.0024650 0.0031158 0.0028984 0.0027899 0.0030072 0.0035517 0.0034428 0.0024650 0.0026828 0.0072241 0.0078927 0.0071046 0.0059809 0.0063151 0.0067719 0.0044277 0.0046477 0.0048682 0.0040988 0.0041029 0.0025746 0.0027899 0.0023570 0.0024654 0.0024653 0.0030086 0.0024654 0.0029016 0.0028987 0.0028991 0.0033355 0.0032268 0.0021412 0.0022495 0.0032249 0.0017100 0.0030077 0.0031165 0.0030077 0.0031164 0.0025735 0.0026818 0.0026830 0.0025736 0.0033381 0.0020342 0.0019261 0.0019253 0.0018175 0.0021418 0.0026831 0.0025750 0.0027917 0.0030091 0.0027918 0.0024666 0.0023583 0.0032266 0.0027917 0.0017098 0.0031155 0.0021408 0.0024651 0.0026817 0.0026819 0.0020330 0.0022489 0.0026841 0.0022500 0.0020333 0.0025737 0.0022490 0.0022490 0.0023570 0.0022493 0.0020331 0.0022489 0.0025744 0.0022490 0.0021407 0.0020330 0.0025739 0.0023568 0.0024650 0.0023568 0.0021412 0.0026832 
AY950286      0.0023573 0.0025744 0.0023577 0.0020337 0.0025741 0.0026825 0.0024669 0.0023576 0.0025740 0.0023579 0.0021425 0.0025743 0.0018181 0.0019258 0.0020338 0.0000000 0.0014953 0.0027905 0.0030111 0.0030110 0.0031198 0.0033379 0.0039945 0.0039942 0.0032289 0.0029009 0.0032301 0.0030120 0.0030120 0.0031196 0.0026837 0.0031184 0.0027921 0.0036641 0.0024680 0.0029005 0.0017104 0.0031170 0.0026838 0.0029000 0.0026827 0.0028998 0.0031171 0.0032261 0.0025744 0.0021425 0.0019267 0.0024658 0.0019257 0.0017104 0.0021427 0.0019258 0.0019259 0.0020336 0.0020346 0.0019258 0.0019259 0.0020336 0.0019258 0.0019259 0.0019259 0.0021415 0.0022496 0.0020337 0.0020337 0.0018181 0.0021416 0.0019258 0.0019258 0.0026839 0.0024659 0.0023587 0.0018180 0.0019257 0.0019258 0.0020337 0.0019257 0.0020335 0.0021417 0.0018179 0.0020335 0.0022494 0.0020335 0.0020336 0.0025743 0.0019257 0.0018180 0.0021414 0.0018180 0.0017104 0.0035537 0.0028999 0.0025743 0.0031185 0.0030109 0.0026849 0.0027923 0.0029006 0.0029009 0.0027922 0.0029007 0.0029008 0.0027920 0.0030096 0.0026836 0.0035539 0.0037727 0.0033372 0.0026838 0.0029008 0.0025739 0.0032254 0.0030078 0.0028991 0.0031167 0.0036617 0.0035527 0.0025739 0.0030093 0.0075644 0.0080078 0.0072189 0.0060938 0.0064283 0.0073370 0.0047589 0.0049796 0.0052007 0.0044292 0.0044336 0.0029008 0.0031166 0.0026825 0.0027911 0.0027910 0.0033359 0.0030085 0.0032289 0.0032256 0.0032261 0.0036639 0.0035549 0.0024661 0.0025747 0.0035528 0.0020337 0.0033350 0.0034441 0.0033350 0.0034440 0.0028995 0.0030082 0.0030095 0.0026826 0.0036667 0.0023589 0.0020345 0.0022496 0.0021415 0.0024668 0.0030096 0.0029013 0.0031185 0.0031186 0.0031187 0.0027925 0.0026839 0.0035547 0.0031185 0.0020335 0.0034431 0.0024657 0.0027908 0.0030081 0.0030083 0.0023576 0.0025740 0.0030107 0.0025753 0.0023578 0.0028998 0.0025742 0.0025742 0.0026824 0.0025745 0.0025741 0.0025741 0.0029006 0.0025741 0.0024655 0.0023576 0.0029000 0.0026822 0.0027907 0.0026822 0.0022497 0.0027924 
DQ372869      0.0027897 0.0030075 0.0027901 0.0024651 0.0030071 0.0031159 0.0028999 0.0027900 0.0030071 0.0027904 0.0025745 0.0030074 0.0022489 0.0023570 0.0022490 0.0014953 0.0000000 0.0032242 0.0032278 0.0032277 0.0033366 0.0035550 0.0042125 0.0042122 0.0034458 0.0031173 0.0034471 0.0032288 0.0032288 0.0033364 0.0028998 0.0033351 0.0030084 0.0038815 0.0026840 0.0031169 0.0021408 0.0035518 0.0031174 0.0033341 0.0031161 0.0031162 0.0033337 0.0034428 0.0027903 0.0025745 0.0023580 0.0028986 0.0023568 0.0021408 0.0025747 0.0023569 0.0023570 0.0024651 0.0024663 0.0023570 0.0023570 0.0024651 0.0023570 0.0023570 0.0023570 0.0025733 0.0026817 0.0024651 0.0024652 0.0022489 0.0025734 0.0023569 0.0023569 0.0031176 0.0028987 0.0027913 0.0022488 0.0023568 0.0023569 0.0024651 0.0023568 0.0024649 0.0025735 0.0022487 0.0024649 0.0026814 0.0024650 0.0024650 0.0030074 0.0023568 0.0022488 0.0025732 0.0022488 0.0021408 0.0039898 0.0033340 0.0030074 0.0035534 0.0036642 0.0031187 0.0032262 0.0033348 0.0033351 0.0032261 0.0033350 0.0033351 0.0032258 0.0034442 0.0031171 0.0039901 0.0042095 0.0037729 0.0031174 0.0033351 0.0030069 0.0036604 0.0034421 0.0033331 0.0035513 0.0038791 0.0037699 0.0032244 0.0034439 0.0080140 0.0084584 0.0076670 0.0065379 0.0068745 0.0077858 0.0049777 0.0051986 0.0054201 0.0046475 0.0046522 0.0031172 0.0033331 0.0028985 0.0030073 0.0030072 0.0035529 0.0032249 0.0034458 0.0034423 0.0034429 0.0038813 0.0037722 0.0026818 0.0027907 0.0037700 0.0022489 0.0035519 0.0036612 0.0035519 0.0036611 0.0031158 0.0032247 0.0032261 0.0031160 0.0041036 0.0027915 0.0024661 0.0026817 0.0025732 0.0028997 0.0034442 0.0033356 0.0035534 0.0035535 0.0035536 0.0032264 0.0031175 0.0039910 0.0035535 0.0024649 0.0038787 0.0028984 0.0032245 0.0034424 0.0034427 0.0027900 0.0030071 0.0034454 0.0030086 0.0027903 0.0033339 0.0030072 0.0030073 0.0031158 0.0030076 0.0030072 0.0030071 0.0033348 0.0030072 0.0028981 0.0025732 0.0033341 0.0031156 0.0032244 0.0031156 0.0026818 0.0032263 
KC994058      0.0034414 0.0036604 0.0034419 0.0031154 0.0036600 0.0037693 0.0035525 0.0034418 0.0036599 0.0034423 0.0032256 0.0036603 0.0028982 0.0030067 0.0031156 0.0027905 0.0032242 0.0000000 0.0041016 0.0041014 0.0042111 0.0044309 0.0050928 0.0050925 0.0043210 0.0039899 0.0043226 0.0041028 0.0041028 0.0042108 0.0037710 0.0042091 0.0038802 0.0047592 0.0035541 0.0039894 0.0027895 0.0042073 0.0037711 0.0039886 0.0037696 0.0039884 0.0042074 0.0043172 0.0036604 0.0032256 0.0030080 0.0035509 0.0030065 0.0027895 0.0032258 0.0030066 0.0030067 0.0031153 0.0031168 0.0030067 0.0030067 0.0031153 0.0030067 0.0030067 0.0030067 0.0032240 0.0033330 0.0031154 0.0031155 0.0028981 0.0032242 0.0030066 0.0030066 0.0037713 0.0035510 0.0034434 0.0028980 0.0030065 0.0030066 0.0031154 0.0030064 0.0031151 0.0032244 0.0028979 0.0031151 0.0033327 0.0031152 0.0031153 0.0036603 0.0030065 0.0028980 0.0032239 0.0028980 0.0027895 0.0046476 0.0037697 0.0034421 0.0042093 0.0041014 0.0037727 0.0038805 0.0039895 0.0039899 0.0038803 0.0039897 0.0039898 0.0038800 0.0040995 0.0037708 0.0046480 0.0048685 0.0044300 0.0037711 0.0039898 0.0034415 0.0040970 0.0038780 0.0037687 0.0039876 0.0045361 0.0044265 0.0036597 0.0038800 0.0086936 0.0091394 0.0083442 0.0072098 0.0075472 0.0084641 0.0056401 0.0058622 0.0060847 0.0053084 0.0055354 0.0039898 0.0042066 0.0037692 0.0038788 0.0038787 0.0044283 0.0038789 0.0043210 0.0043166 0.0040979 0.0045387 0.0046492 0.0035512 0.0036609 0.0046464 0.0031154 0.0044270 0.0045370 0.0044270 0.0045369 0.0039880 0.0040976 0.0040994 0.0037694 0.0045422 0.0034437 0.0033344 0.0033329 0.0032240 0.0035523 0.0038804 0.0037715 0.0039900 0.0042094 0.0039902 0.0036620 0.0035527 0.0046490 0.0042093 0.0031151 0.0045356 0.0035507 0.0038784 0.0040974 0.0040976 0.0034418 0.0036599 0.0041010 0.0036617 0.0034421 0.0039884 0.0036601 0.0036601 0.0035508 0.0036606 0.0036600 0.0036600 0.0039895 0.0036600 0.0035504 0.0034418 0.0039886 0.0037689 0.0036597 0.0037689 0.0033332 0.0038806 
AY519496      0.0027925 0.0034462 0.0032278 0.0026843 0.0032278 0.0033369 0.0031203 0.0030100 0.0030100 0.0030105 0.0030116 0.0030103 0.0026844 0.0027929 0.0029017 0.0030111 0.0032278 0.0041016 0.0000000 0.0006387 0.0007454 0.0009592 0.0016029 0.0016028 0.0008523 0.0022521 0.0025793 0.0023623 0.0023623 0.0024697 0.0020359 0.0024687 0.0021439 0.0030119 0.0020368 0.0022518 0.0023591 0.0037739 0.0033384 0.0035556 0.0033372 0.0022513 0.0024677 0.0027932 0.0021432 0.0027941 0.0025770 0.0031189 0.0025757 0.0023591 0.0025772 0.0025758 0.0023592 0.0026843 0.0026856 0.0025759 0.0025759 0.0026843 0.0025759 0.0025759 0.0025759 0.0027928 0.0029014 0.0026843 0.0026844 0.0024675 0.0027929 0.0025758 0.0025758 0.0033386 0.0029014 0.0030115 0.0024674 0.0025757 0.0025758 0.0026843 0.0025757 0.0026841 0.0027930 0.0024673 0.0029013 0.0029012 0.0026841 0.0026842 0.0032281 0.0025757 0.0022510 0.0025757 0.0024674 0.0023592 0.0037747 0.0031194 0.0030103 0.0035570 0.0038869 0.0033400 0.0032295 0.0033381 0.0033384 0.0032293 0.0033383 0.0033384 0.0032290 0.0034477 0.0031202 0.0039941 0.0042137 0.0037767 0.0031205 0.0033384 0.0032275 0.0038828 0.0034454 0.0035546 0.0037734 0.0041020 0.0042120 0.0036641 0.0036658 0.0075696 0.0080134 0.0072239 0.0065449 0.0068808 0.0077939 0.0045418 0.0047622 0.0049831 0.0042123 0.0046570 0.0029027 0.0033366 0.0026843 0.0027930 0.0027929 0.0033382 0.0023595 0.0027956 0.0023591 0.0025762 0.0030118 0.0029032 0.0018194 0.0023598 0.0029015 0.0013890 0.0026846 0.0025763 0.0026846 0.0027932 0.0022511 0.0023593 0.0023603 0.0029015 0.0041077 0.0027943 0.0026855 0.0026843 0.0027927 0.0031201 0.0038851 0.0035574 0.0039948 0.0042145 0.0039950 0.0036664 0.0035570 0.0042144 0.0037757 0.0026841 0.0041016 0.0031187 0.0032277 0.0034458 0.0034461 0.0030100 0.0032277 0.0036675 0.0032293 0.0030104 0.0035554 0.0032279 0.0032279 0.0033367 0.0030105 0.0032278 0.0032278 0.0035565 0.0032278 0.0031185 0.0027928 0.0033374 0.0031187 0.0032276 0.0031186 0.0031192 0.0034477 
JX413039      0.0027923 0.0034460 0.0032277 0.0026842 0.0032276 0.0033367 0.0031202 0.0030099 0.0030099 0.0030104 0.0030115 0.0030102 0.0026843 0.0027928 0.0029016 0.0030110 0.0032277 0.0041014 0.0006387 0.0000000 0.0007454 0.0009592 0.0016028 0.0016027 0.0008523 0.0020358 0.0025792 0.0023622 0.0023622 0.0024696 0.0020358 0.0024686 0.0021438 0.0030118 0.0020367 0.0022517 0.0023590 0.0035550 0.0033383 0.0035555 0.0033371 0.0022512 0.0024676 0.0027931 0.0021431 0.0027940 0.0025769 0.0031188 0.0025756 0.0023590 0.0027942 0.0025757 0.0023591 0.0026842 0.0026854 0.0025758 0.0025758 0.0026842 0.0025758 0.0025758 0.0025758 0.0027926 0.0029013 0.0026842 0.0026843 0.0024674 0.0027927 0.0023590 0.0023590 0.0033385 0.0029013 0.0030114 0.0024673 0.0025756 0.0025757 0.0026842 0.0025755 0.0026840 0.0027929 0.0024672 0.0029011 0.0029011 0.0026840 0.0026841 0.0032279 0.0025756 0.0022509 0.0025756 0.0024673 0.0023591 0.0035558 0.0029016 0.0030102 0.0035568 0.0038867 0.0033398 0.0032293 0.0033380 0.0033383 0.0032291 0.0033381 0.0033383 0.0032289 0.0034475 0.0031201 0.0039939 0.0042136 0.0037765 0.0031203 0.0033382 0.0032274 0.0038826 0.0034452 0.0035544 0.0037732 0.0041019 0.0042118 0.0036639 0.0036656 0.0073434 0.0077866 0.0069975 0.0065446 0.0068805 0.0075673 0.0045416 0.0047620 0.0047621 0.0042121 0.0046568 0.0029026 0.0033364 0.0024673 0.0027929 0.0027928 0.0033380 0.0023594 0.0025783 0.0023590 0.0023594 0.0027942 0.0029031 0.0018194 0.0023597 0.0029014 0.0013889 0.0024676 0.0023595 0.0026845 0.0025760 0.0022510 0.0023592 0.0023602 0.0029013 0.0041075 0.0025770 0.0026853 0.0026842 0.0027926 0.0031200 0.0038849 0.0037759 0.0039947 0.0042143 0.0039949 0.0036663 0.0035568 0.0039947 0.0037755 0.0026839 0.0041014 0.0031186 0.0034456 0.0036641 0.0036643 0.0030099 0.0032276 0.0036673 0.0032292 0.0030102 0.0035553 0.0032277 0.0032278 0.0033366 0.0030104 0.0032277 0.0032276 0.0035563 0.0032277 0.0031183 0.0027926 0.0033372 0.0031185 0.0032275 0.0031185 0.0031191 0.0034475 
